  0.000 11.43079  0.1398E+20  0.4426E+10  0.8572E+19  0.4454E+08  0.1004E+13  0.2128E+16  0.3170E+19  0.1692E+21  0.4441E+21  0.1391E+23  0.1498E+25  0.1340E+24  0.1125E+25  0.1125E+25  0.1125E+25  0.4024E+33  0.2211E+14  0.8527E+15  0.1519E+20  0.2826E+12  0.2985E+14  0.6161E+14  0.5806E+19  0.4980E+08  0.6011E+03  0.1641E+13  0.3988E+02  0.1558E+31  0.5983E+01  0.5619E+29  0.8694E+26  0.8694E+26
  2.000 11.30359  0.6397E+19  0.2040E+10  0.3922E+19  0.1986E+08  0.4998E+12  0.9734E+15  0.1430E+19  0.7631E+20  0.2003E+21  0.6275E+22  0.6757E+24  0.6047E+23  0.5073E+24  0.7579E+25  0.8237E+25  0.2228E+33  0.1193E+14  0.3669E+15  0.7238E+19  0.1348E+12  0.1422E+14  0.2935E+14  0.2766E+19  0.2361E+08  0.3390E+03  0.9253E+12  0.4075E+02  0.7425E+30  0.5207E+01  0.2677E+29  0.7851E+26  0.7851E+26
  4.000 11.17340  0.1658E+19  0.5307E+09  0.1016E+19  0.5019E+07  0.1387E+12  0.2522E+15  0.3675E+18  0.1961E+20  0.5148E+20  0.1612E+22  0.1736E+24  0.1554E+23  0.1304E+24  0.2582E+26  0.3040E+26  0.6944E+32  0.3630E+13  0.8987E+14  0.1938E+19  0.3607E+11  0.3809E+13  0.7862E+13  0.7407E+18  0.6172E+07  0.1856E+03  0.2830E+12  0.4033E+02  0.1988E+30  0.4252E+01  0.7168E+28  0.7075E+26  0.7075E+26
  6.000 11.04148  0.4652E+18  0.1480E+09  0.2852E+18  0.1410E+07  0.3811E+11  0.7078E+14  0.1041E+18  0.5558E+19  0.1459E+20  0.4570E+21  0.4921E+23  0.4404E+22  0.3695E+23  0.7274E+25  0.8561E+25  0.1956E+32  0.1023E+13  0.2533E+14  0.5385E+18  0.9982E+10  0.1059E+13  0.2185E+13  0.2058E+18  0.1649E+07  0.1497E+03  0.7527E+11  0.3432E+02  0.5524E+29  0.3384E+01  0.1992E+28  0.6366E+26  0.6366E+26
  8.000 10.90428  0.1246E+18  0.3933E+08  0.7642E+17  0.3804E+06  0.1006E+11  0.1897E+14  0.2816E+17  0.1503E+19  0.3945E+19  0.1236E+21  0.1331E+23  0.1191E+22  0.9989E+22  0.1954E+25  0.2300E+25  0.5254E+31  0.2751E+12  0.6807E+13  0.1432E+18  0.2642E+10  0.2818E+12  0.5816E+12  0.5475E+17  0.4220E+06  0.1208E+03  0.1962E+11  0.2906E+02  0.1469E+29  0.2667E+01  0.5298E+27  0.5684E+26  0.5684E+26
 10.000 10.76442  0.3307E+17  0.1033E+08  0.2028E+17  0.1029E+06  0.2642E+10  0.5033E+13  0.7523E+16  0.4014E+18  0.1054E+19  0.3301E+20  0.3555E+22  0.3181E+21  0.2669E+22  0.5185E+24  0.6103E+24  0.1394E+31  0.7306E+11  0.1808E+13  0.3783E+17  0.6930E+09  0.7448E+11  0.1537E+12  0.1446E+17  0.1078E+06  0.9765E+02  0.5159E+10  0.2466E+02  0.3881E+28  0.2100E+01  0.1399E+27  0.5069E+26  0.5069E+26
 12.000 10.62149  0.8727E+16  0.2686E+07  0.5351E+16  0.2834E+05  0.6928E+09  0.1328E+13  0.1993E+16  0.1064E+18  0.2793E+18  0.8747E+19  0.9420E+21  0.8430E+20  0.7072E+21  0.1365E+24  0.1606E+24  0.3670E+30  0.1924E+11  0.4762E+12  0.9958E+16  0.1808E+09  0.1962E+11  0.4048E+11  0.3806E+16  0.2794E+05  0.7859E+02  0.1364E+10  0.2098E+02  0.1022E+28  0.1654E+01  0.3683E+26  0.4521E+26  0.4521E+26
 14.000 10.47463  0.2258E+16  0.6820E+06  0.1385E+16  0.7934E+04  0.1787E+09  0.3437E+12  0.5171E+15  0.2760E+17  0.7245E+17  0.2269E+19  0.2444E+21  0.2187E+20  0.1835E+21  0.3518E+23  0.4140E+23  0.9459E+29  0.4959E+10  0.1228E+12  0.2576E+16  0.4626E+08  0.5078E+10  0.1047E+11  0.9845E+15  0.7418E+04  0.6217E+02  0.3556E+09  0.1760E+02  0.2642E+27  0.1288E+01  0.9527E+25  0.3985E+26  0.3985E+26
 16.000 10.32565  0.5927E+15  0.1752E+06  0.3634E+15  0.2368E+04  0.4672E+08  0.9020E+11  0.1357E+15  0.7244E+16  0.1902E+17  0.5957E+18  0.6415E+20  0.5740E+19  0.4816E+20  0.9178E+22  0.1080E+23  0.2468E+29  0.1292E+10  0.3204E+11  0.6762E+15  0.1202E+08  0.1333E+10  0.2749E+10  0.2584E+15  0.2160E+04  0.4925E+02  0.9374E+08  0.1476E+02  0.6936E+26  0.1008E+01  0.2501E+25  0.3517E+26  0.3517E+26
 18.000 10.17368  0.1568E+15  0.4546E+05  0.9613E+14  0.7650E+03  0.1230E+08  0.2388E+11  0.3589E+14  0.1915E+16  0.5029E+16  0.1575E+18  0.1696E+20  0.1518E+19  0.1273E+20  0.2413E+22  0.2840E+22  0.6488E+28  0.3387E+09  0.8419E+10  0.1791E+15  0.3163E+07  0.3531E+09  0.7273E+09  0.6846E+14  0.7228E+03  0.3912E+02  0.2485E+08  0.1236E+02  0.1838E+26  0.7915E+00  0.6626E+24  0.3103E+26  0.3103E+26
 20.000 10.01695  0.4129E+14  0.1190E+05  0.2532E+14  0.2732E+03  0.3209E+07  0.6290E+10  0.9436E+13  0.5035E+15  0.1322E+16  0.4140E+17  0.4459E+19  0.3990E+18  0.3348E+19  0.6308E+21  0.7424E+21  0.1696E+28  0.8805E+08  0.2197E+10  0.4724E+14  0.8393E+06  0.9290E+08  0.1912E+09  0.1806E+14  0.2906E+03  0.3110E+02  0.6581E+07  0.1034E+02  0.4846E+25  0.6231E+00  0.1747E+24  0.2728E+26  0.2728E+26
 22.000  9.85234  0.1057E+14  0.3130E+04  0.6479E+13  0.1092E+03  0.8096E+06  0.1611E+10  0.2411E+13  0.1286E+15  0.3377E+15  0.1058E+17  0.1139E+19  0.1019E+18  0.8552E+18  0.1603E+21  0.1886E+21  0.4309E+27  0.2215E+08  0.5558E+09  0.1211E+14  0.2222E+06  0.2369E+08  0.4872E+08  0.4628E+13  0.1426E+03  0.2464E+02  0.1699E+07  0.8568E+01  0.1242E+25  0.4900E+00  0.4479E+23  0.2381E+26  0.2381E+26
 24.000  9.68671  0.2788E+13  0.9041E+03  0.1709E+13  0.5114E+02  0.2096E+06  0.4252E+09  0.6349E+12  0.3388E+14  0.8893E+14  0.2785E+16  0.3000E+18  0.2684E+17  0.2252E+18  0.4196E+20  0.4938E+20  0.1128E+27  0.5718E+07  0.1445E+09  0.3198E+13  0.6329E+05  0.6200E+07  0.1275E+08  0.1222E+13  0.8619E+02  0.1959E+02  0.4484E+06  0.7063E+01  0.3280E+24  0.3893E+00  0.1183E+23  0.2073E+26  0.2073E+26
 26.000  9.51795  0.7483E+12  0.2945E+03  0.4589E+12  0.2739E+02  0.5524E+05  0.1141E+09  0.1703E+12  0.9083E+13  0.2384E+14  0.7468E+15  0.8043E+17  0.7198E+16  0.6038E+17  0.1118E+20  0.1316E+20  0.3006E+26  0.1495E+07  0.3808E+08  0.8594E+12  0.1957E+05  0.1643E+07  0.3383E+07  0.3285E+12  0.6107E+02  0.1561E+02  0.1197E+06  0.5766E+01  0.8816E+23  0.3134E+00  0.3179E+22  0.1803E+26  0.1803E+26
 28.000  9.34155  0.1981E+12  0.1103E+03  0.1215E+12  0.1632E+02  0.1451E+05  0.3017E+08  0.4502E+11  0.2401E+13  0.6303E+13  0.1974E+15  0.2126E+17  0.1902E+16  0.1596E+17  0.2933E+19  0.3452E+19  0.7886E+25  0.3843E+06  0.9841E+07  0.2277E+12  0.6497E+04  0.4274E+06  0.8837E+06  0.8703E+11  0.4812E+02  0.1235E+02  0.3165E+05  0.4620E+01  0.2336E+23  0.2543E+00  0.8422E+21  0.1560E+26  0.1560E+26
 30.000  9.15392  0.5076E+11  0.4914E+02  0.3112E+11  0.1051E+02  0.3816E+04  0.7704E+07  0.1152E+11  0.6144E+12  0.1613E+13  0.5052E+14  0.5441E+16  0.4869E+15  0.4085E+16  0.7443E+18  0.8760E+18  0.2001E+25  0.9589E+05  0.2452E+07  0.5840E+11  0.2293E+04  0.1075E+06  0.2244E+06  0.2232E+11  0.4061E+02  0.9689E+01  0.8155E+04  0.3619E+01  0.5990E+22  0.2082E+00  0.2160E+21  0.1344E+26  0.1344E+26
 32.000  8.96459  0.1340E+11  0.2691E+02  0.8215E+10  0.7117E+01  0.1108E+04  0.2019E+07  0.3040E+10  0.1620E+12  0.4254E+12  0.1333E+14  0.1435E+16  0.1284E+15  0.1077E+16  0.1947E+18  0.2291E+18  0.5234E+24  0.2512E+05  0.6313E+06  0.1543E+11  0.8923E+03  0.2818E+05  0.5975E+05  0.5896E+10  0.3550E+02  0.7541E+01  0.2160E+04  0.2782E+01  0.1582E+22  0.1720E+00  0.5706E+20  0.1151E+26  0.1151E+26
 34.000  8.76889  0.3544E+10  0.1706E+02  0.2173E+10  0.4832E+01  0.3634E+03  0.5282E+06  0.8043E+09  0.4287E+11  0.1125E+12  0.3525E+13  0.3796E+15  0.3397E+14  0.2850E+15  0.5114E+17  0.6019E+17  0.1375E+24  0.6895E+04  0.1655E+06  0.4088E+10  0.3752E+03  0.7661E+04  0.1663E+05  0.1562E+10  0.3127E+02  0.5809E+01  0.6138E+03  0.2098E+01  0.4193E+21  0.1433E+00  0.1512E+20  0.9814E+25  0.9814E+25
 36.000  8.56614  0.9314E+09  0.1176E+02  0.5711E+09  0.3160E+01  0.1400E+03  0.1367E+06  0.2114E+09  0.1128E+11  0.2960E+11  0.9273E+12  0.9983E+14  0.8933E+13  0.7495E+14  0.1340E+17  0.1577E+17  0.3603E+23  0.2043E+04  0.4474E+05  0.1077E+10  0.1716E+03  0.2227E+04  0.4960E+04  0.4116E+09  0.2720E+02  0.4392E+01  0.2004E+03  0.1549E+01  0.1105E+21  0.1196E+00  0.3983E+19  0.8279E+25  0.8279E+25
 38.000  8.35484  0.2430E+09  0.8464E+01  0.1490E+09  0.1981E+01  0.6480E+02  0.3511E+05  0.5520E+08  0.2948E+10  0.7740E+10  0.2424E+12  0.2609E+14  0.2335E+13  0.1959E+14  0.3509E+16  0.4130E+16  0.9435E+22  0.6869E+03  0.1291E+05  0.2821E+09  0.8613E+02  0.7297E+03  0.1648E+04  0.1078E+09  0.2348E+02  0.3271E+01  0.7911E+02  0.1132E+01  0.2894E+20  0.1006E+00  0.1043E+19  0.6955E+25  0.6955E+25
 40.000  8.13755  0.6341E+08  0.6106E+01  0.3888E+08  0.1209E+01  0.3529E+02  0.9140E+04  0.1441E+08  0.7723E+09  0.2028E+10  0.6349E+11  0.6832E+13  0.6114E+12  0.5129E+13  0.9272E+15  0.1091E+16  0.2493E+22  0.2752E+03  0.4184E+04  0.7401E+08  0.4660E+02  0.2831E+03  0.6270E+03  0.2828E+08  0.1994E+02  0.2392E+01  0.4477E+02  0.8216E+00  0.7592E+19  0.8460E-01  0.2737E+18  0.5777E+25  0.5777E+25
 41.000  8.03124  0.3313E+08  0.5199E+01  0.2031E+08  0.9493E+00  0.2722E+02  0.4797E+04  0.7535E+07  0.4047E+09  0.1063E+10  0.3326E+11  0.3579E+13  0.3203E+12  0.2687E+13  0.4889E+15  0.5754E+15  0.1315E+22  0.1850E+03  0.2507E+04  0.3881E+08  0.3515E+02  0.1871E+03  0.4063E+03  0.1483E+08  0.1836E+02  0.2049E+01  0.3795E+02  0.7033E+00  0.3981E+19  0.7783E-01  0.1435E+18  0.5269E+25  0.5269E+25
 42.000  7.91223  0.1642E+08  0.4330E+01  0.1007E+08  0.7444E+00  0.2153E+02  0.2458E+04  0.3733E+07  0.2012E+09  0.5283E+09  0.1653E+11  0.1779E+13  0.1592E+12  0.1336E+13  0.2460E+15  0.2895E+15  0.6615E+21  0.1327E+03  0.1575E+04  0.1930E+08  0.2628E+02  0.1303E+03  0.2717E+03  0.7377E+07  0.1671E+02  0.1732E+01  0.3392E+02  0.5998E+00  0.1980E+19  0.7136E-01  0.7140E+17  0.4761E+25  0.4761E+25
 43.000  7.80402  0.8644E+07  0.3655E+01  0.5300E+07  0.5948E+00  0.1734E+02  0.1334E+04  0.1964E+07  0.1062E+09  0.2789E+09  0.8721E+10  0.9388E+12  0.8400E+11  0.7048E+12  0.1313E+15  0.1545E+15  0.3530E+21  0.9767E+02  0.1029E+04  0.1019E+08  0.2010E+02  0.9340E+02  0.1877E+03  0.3896E+07  0.1529E+02  0.1481E+01  0.3051E+02  0.5174E+00  0.1046E+19  0.6570E-01  0.3770E+17  0.4326E+25  0.4326E+25
 44.000  7.68262  0.4317E+07  0.3015E+01  0.2647E+07  0.4821E+00  0.1395E+02  0.7268E+03  0.9776E+06  0.5313E+08  0.1395E+09  0.4360E+10  0.4695E+12  0.4201E+11  0.3525E+12  0.6682E+14  0.7865E+14  0.1797E+21  0.7525E+02  0.7062E+03  0.5101E+07  0.1490E+02  0.6899E+02  0.1322E+03  0.1949E+07  0.1383E+02  0.1257E+01  0.2558E+02  0.4470E+00  0.5233E+18  0.6013E-01  0.1887E+17  0.3892E+25  0.3892E+25
 44.500  7.62818  0.3162E+07  0.2765E+01  0.1939E+07  0.4387E+00  0.1265E+02  0.5534E+03  0.7149E+06  0.3893E+08  0.1022E+09  0.3194E+10  0.3441E+12  0.3079E+11  0.2583E+12  0.4935E+14  0.5809E+14  0.1327E+21  0.6693E+02  0.5964E+03  0.3739E+07  0.1302E+02  0.6021E+02  0.1129E+03  0.1429E+07  0.1323E+02  0.1168E+01  0.2364E+02  0.4185E+00  0.3836E+18  0.5777E-01  0.1383E+17  0.3711E+25  0.3711E+25
 45.000  7.57060  0.2275E+07  0.2524E+01  0.1395E+07  0.3971E+00  0.1142E+02  0.4152E+03  0.5138E+06  0.2805E+08  0.7365E+08  0.2300E+10  0.2478E+12  0.2217E+11  0.1860E+12  0.3584E+14  0.4219E+14  0.9638E+20  0.5916E+02  0.4992E+03  0.2694E+07  0.1130E+02  0.5218E+02  0.9564E+02  0.1029E+07  0.1262E+02  0.1081E+01  0.2175E+02  0.3905E+00  0.2763E+18  0.5541E-01  0.9963E+16  0.3531E+25  0.3531E+25
 45.500  7.50950  0.1629E+07  0.2295E+01  0.9991E+06  0.3659E+00  0.1026E+02  0.3224E+03  0.3660E+06  0.2002E+08  0.5259E+08  0.1641E+10  0.1770E+12  0.1583E+11  0.1328E+12  0.2588E+14  0.3046E+14  0.6959E+20  0.5316E+02  0.4290E+03  0.1924E+07  0.9641E+01  0.4552E+02  0.8175E+02  0.7351E+06  0.1200E+02  0.1004E+01  0.1983E+02  0.3669E+00  0.1973E+18  0.5297E-01  0.7115E+16  0.3350E+25  0.3350E+25
 46.000  7.44443  0.1142E+07  0.2072E+01  0.7000E+06  0.3351E+00  0.9168E+01  0.2464E+03  0.2553E+06  0.1400E+08  0.3676E+08  0.1147E+10  0.1237E+12  0.1107E+11  0.9288E+11  0.1831E+14  0.2155E+14  0.4924E+20  0.4747E+02  0.3654E+03  0.1345E+07  0.8148E+01  0.3940E+02  0.6923E+02  0.5140E+06  0.1138E+02  0.9284E+00  0.1798E+02  0.3432E+00  0.1380E+18  0.5053E-01  0.4975E+16  0.3170E+25  0.3170E+25
 46.500  7.38883  0.8403E+06  0.1894E+01  0.5153E+06  0.3102E+00  0.8303E+01  0.1953E+03  0.1871E+06  0.1028E+08  0.2700E+08  0.8421E+09  0.9088E+11  0.8132E+10  0.6823E+11  0.1359E+14  0.1599E+14  0.3654E+20  0.4298E+02  0.3178E+03  0.9881E+06  0.7039E+01  0.3473E+02  0.5990E+02  0.3776E+06  0.1084E+02  0.8663E+00  0.1649E+02  0.3234E+00  0.1014E+18  0.4841E-01  0.3655E+16  0.3016E+25  0.3016E+25
 47.000  7.32995  0.6076E+06  0.1723E+01  0.3726E+06  0.2858E+00  0.7479E+01  0.1528E+03  0.1347E+06  0.7419E+07  0.1948E+08  0.6074E+09  0.6558E+11  0.5868E+10  0.4923E+11  0.9912E+13  0.1167E+14  0.2665E+20  0.3870E+02  0.2742E+03  0.7131E+06  0.6030E+01  0.3040E+02  0.5141E+02  0.2725E+06  0.1031E+02  0.8052E+00  0.1506E+02  0.3038E+00  0.7315E+17  0.4628E-01  0.2638E+16  0.2862E+25  0.2862E+25
 47.200  7.30541  0.5349E+06  0.1659E+01  0.3280E+06  0.2785E+00  0.7152E+01  0.1411E+03  0.1181E+06  0.6505E+07  0.1708E+08  0.5324E+09  0.5751E+11  0.5146E+10  0.4317E+11  0.8737E+13  0.1028E+14  0.2349E+20  0.3720E+02  0.2599E+03  0.6254E+06  0.5631E+01  0.2875E+02  0.4842E+02  0.2390E+06  0.1009E+02  0.7837E+00  0.1443E+02  0.2971E+00  0.6415E+17  0.4535E-01  0.2313E+16  0.2800E+25  0.2800E+25
 47.400  7.28018  0.4693E+06  0.1596E+01  0.2878E+06  0.2713E+00  0.6835E+01  0.1300E+03  0.1032E+06  0.5685E+07  0.1493E+08  0.4652E+09  0.5027E+11  0.4499E+10  0.3774E+11  0.7678E+13  0.9038E+13  0.2065E+20  0.3574E+02  0.2462E+03  0.5467E+06  0.5252E+01  0.2716E+02  0.4555E+02  0.2089E+06  0.9876E+01  0.7626E+00  0.1382E+02  0.2904E+00  0.5608E+17  0.4444E-01  0.2022E+16  0.2739E+25  0.2739E+25
 47.600  7.25437  0.4105E+06  0.1533E+01  0.2517E+06  0.2640E+00  0.6522E+01  0.1196E+03  0.8991E+05  0.4951E+07  0.1300E+08  0.4051E+09  0.4380E+11  0.3919E+10  0.3288E+11  0.6725E+13  0.7916E+13  0.1808E+20  0.3429E+02  0.2328E+03  0.4763E+06  0.4888E+01  0.2561E+02  0.4277E+02  0.1820E+06  0.9657E+01  0.7413E+00  0.1321E+02  0.2837E+00  0.4886E+17  0.4351E-01  0.1762E+16  0.2677E+25  0.2677E+25
 47.800  7.22780  0.3577E+06  0.1472E+01  0.2193E+06  0.2568E+00  0.6218E+01  0.1098E+03  0.7802E+05  0.4297E+07  0.1128E+08  0.3515E+09  0.3802E+11  0.3402E+10  0.2854E+11  0.5871E+13  0.6910E+13  0.1579E+20  0.3287E+02  0.2199E+03  0.4134E+06  0.4542E+01  0.2412E+02  0.4011E+02  0.1580E+06  0.9440E+01  0.7204E+00  0.1262E+02  0.2771E+00  0.4241E+17  0.4260E-01  0.1529E+16  0.2616E+25  0.2616E+25
 48.000  7.20058  0.3107E+06  0.1412E+01  0.1905E+06  0.2496E+00  0.5920E+01  0.1005E+03  0.6745E+05  0.3715E+07  0.9753E+07  0.3039E+09  0.3287E+11  0.2942E+10  0.2468E+11  0.5106E+13  0.6010E+13  0.1373E+20  0.3147E+02  0.2073E+03  0.3575E+06  0.4212E+01  0.2268E+02  0.3755E+02  0.1366E+06  0.9220E+01  0.6994E+00  0.1204E+02  0.2704E+00  0.3668E+17  0.4167E-01  0.1322E+16  0.2554E+25  0.2554E+25
 48.200  7.17718  0.2756E+06  0.1364E+01  0.1690E+06  0.2440E+00  0.5684E+01  0.9332E+02  0.5961E+05  0.3283E+07  0.8620E+07  0.2685E+09  0.2906E+11  0.2601E+10  0.2182E+11  0.4536E+13  0.5339E+13  0.1220E+20  0.3037E+02  0.1974E+03  0.3161E+06  0.3953E+01  0.2154E+02  0.3553E+02  0.1208E+06  0.9052E+01  0.6829E+00  0.1158E+02  0.2652E+00  0.3242E+17  0.4095E-01  0.1169E+16  0.2506E+25  0.2506E+25
 48.400  7.15321  0.2438E+06  0.1317E+01  0.1495E+06  0.2384E+00  0.5454E+01  0.8653E+02  0.5255E+05  0.2895E+07  0.7599E+07  0.2367E+09  0.2563E+11  0.2293E+10  0.1924E+11  0.4020E+13  0.4732E+13  0.1081E+20  0.2929E+02  0.1878E+03  0.2787E+06  0.3707E+01  0.2045E+02  0.3359E+02  0.1065E+06  0.8880E+01  0.6667E+00  0.1113E+02  0.2600E+00  0.2859E+17  0.4025E-01  0.1031E+16  0.2459E+25  0.2459E+25
 48.500  7.14101  0.2291E+06  0.1294E+01  0.1405E+06  0.2356E+00  0.5340E+01  0.8326E+02  0.4928E+05  0.2714E+07  0.7126E+07  0.2219E+09  0.2403E+11  0.2151E+10  0.1804E+11  0.3780E+13  0.4449E+13  0.1016E+20  0.2875E+02  0.1831E+03  0.2614E+06  0.3587E+01  0.1991E+02  0.3264E+02  0.9991E+05  0.8796E+01  0.6585E+00  0.1091E+02  0.2575E+00  0.2682E+17  0.3989E-01  0.9668E+15  0.2435E+25  0.2435E+25
 48.600  7.12866  0.2151E+06  0.1271E+01  0.1319E+06  0.2328E+00  0.5228E+01  0.8007E+02  0.4617E+05  0.2543E+07  0.6677E+07  0.2079E+09  0.2252E+11  0.2016E+10  0.1691E+11  0.3551E+13  0.4180E+13  0.9549E+19  0.2822E+02  0.1785E+03  0.2450E+06  0.3469E+01  0.1938E+02  0.3171E+02  0.9363E+05  0.8712E+01  0.6504E+00  0.1069E+02  0.2549E+00  0.2513E+17  0.3954E-01  0.9060E+15  0.2411E+25  0.2411E+25
 48.700  7.11615  0.2018E+06  0.1248E+01  0.1238E+06  0.2300E+00  0.5116E+01  0.7697E+02  0.4323E+05  0.2381E+07  0.6251E+07  0.1947E+09  0.2109E+11  0.1887E+10  0.1583E+11  0.3334E+13  0.3924E+13  0.8965E+19  0.2768E+02  0.1739E+03  0.2294E+06  0.3354E+01  0.1886E+02  0.3079E+02  0.8767E+05  0.8627E+01  0.6423E+00  0.1047E+02  0.2523E+00  0.2353E+17  0.3918E-01  0.8484E+15  0.2387E+25  0.2387E+25
 48.800  7.10348  0.1892E+06  0.1225E+01  0.1160E+06  0.2272E+00  0.5005E+01  0.7395E+02  0.4044E+05  0.2228E+07  0.5848E+07  0.1821E+09  0.1973E+11  0.1766E+10  0.1481E+11  0.3128E+13  0.3681E+13  0.8410E+19  0.2716E+02  0.1694E+03  0.2146E+06  0.3242E+01  0.1834E+02  0.2989E+02  0.8203E+05  0.8543E+01  0.6342E+00  0.1026E+02  0.2497E+00  0.2202E+17  0.3882E-01  0.7938E+15  0.2363E+25  0.2363E+25
 48.900  7.09066  0.1772E+06  0.1203E+01  0.1087E+06  0.2244E+00  0.4896E+01  0.7102E+02  0.3780E+05  0.2082E+07  0.5466E+07  0.1702E+09  0.1844E+11  0.1651E+10  0.1385E+11  0.2932E+13  0.3451E+13  0.7883E+19  0.2664E+02  0.1649E+03  0.2006E+06  0.3132E+01  0.1784E+02  0.2900E+02  0.7669E+05  0.8456E+01  0.6260E+00  0.1004E+02  0.2471E+00  0.2058E+17  0.3846E-01  0.7421E+15  0.2339E+25  0.2339E+25
 49.000  7.07766  0.1659E+06  0.1180E+01  0.1017E+06  0.2217E+00  0.4790E+01  0.6820E+02  0.3531E+05  0.1946E+07  0.5107E+07  0.1590E+09  0.1723E+11  0.1543E+10  0.1294E+11  0.2747E+13  0.3233E+13  0.7387E+19  0.2613E+02  0.1606E+03  0.1875E+06  0.3026E+01  0.1734E+02  0.2815E+02  0.7166E+05  0.8371E+01  0.6182E+00  0.9832E+01  0.2445E+00  0.1923E+17  0.3811E-01  0.6934E+15  0.2316E+25  0.2316E+25
 49.500  7.01003  0.1208E+06  0.1081E+01  0.7406E+05  0.2113E+00  0.4252E+01  0.5800E+02  0.2524E+05  0.1382E+07  0.3626E+07  0.1129E+09  0.1226E+11  0.1097E+10  0.9203E+10  0.1984E+13  0.2335E+13  0.5334E+19  0.2365E+02  0.1406E+03  0.1333E+06  0.2519E+01  0.1482E+02  0.2409E+02  0.5097E+05  0.7930E+01  0.5823E+00  0.8772E+01  0.2332E+00  0.1368E+17  0.3612E-01  0.4931E+15  0.2196E+25  0.2196E+25
 50.000  6.93749  0.8603E+05  0.9843E+00  0.5275E+05  0.2009E+00  0.3748E+01  0.4881E+02  0.1763E+05  0.9586E+06  0.2515E+07  0.7837E+08  0.8518E+10  0.7626E+09  0.6395E+10  0.1401E+13  0.1649E+13  0.3767E+19  0.2127E+02  0.1222E+03  0.9263E+05  0.2072E+01  0.1253E+02  0.2042E+02  0.3541E+05  0.7491E+01  0.5470E+00  0.7771E+01  0.2219E+00  0.9501E+16  0.3415E-01  0.3426E+15  0.2077E+25  0.2077E+25
 51.000  6.81417  0.4452E+05  0.7737E+00  0.2730E+05  0.1698E+00  0.2998E+01  0.3610E+02  0.9491E+04  0.5104E+06  0.1338E+07  0.4174E+08  0.4548E+10  0.4072E+09  0.3415E+10  0.7689E+12  0.9050E+12  0.2068E+19  0.1762E+02  0.9533E+02  0.4944E+05  0.1474E+01  0.9343E+01  0.1528E+02  0.1891E+05  0.6217E+01  0.4747E+00  0.5798E+01  0.1885E+00  0.5070E+16  0.3077E-01  0.1828E+15  0.1873E+25  0.1873E+25
 52.000  6.67346  0.2212E+05  0.5990E+00  0.1356E+05  0.1411E+00  0.2333E+01  0.2732E+02  0.4963E+04  0.2567E+06  0.6726E+06  0.2106E+08  0.2301E+10  0.2061E+09  0.1728E+10  0.4017E+12  0.4728E+12  0.1080E+19  0.1419E+02  0.7195E+02  0.2501E+05  0.1022E+01  0.6541E+01  0.1095E+02  0.9571E+04  0.4906E+01  0.4047E+00  0.4233E+01  0.1559E+00  0.2565E+16  0.2708E-01  0.9249E+14  0.1669E+25  0.1669E+25
 53.000  6.54119  0.1157E+05  0.4753E+00  0.7094E+04  0.1197E+00  0.1850E+01  0.2110E+02  0.2708E+04  0.1350E+06  0.3535E+06  0.1111E+08  0.1217E+10  0.1090E+09  0.9138E+09  0.2190E+12  0.2577E+12  0.5888E+18  0.1161E+02  0.5543E+02  0.1323E+05  0.7267E+00  0.4695E+01  0.8036E+01  0.5066E+04  0.3959E+01  0.3501E+00  0.3182E+01  0.1320E+00  0.1357E+16  0.2410E-01  0.4892E+14  0.1503E+25  0.1503E+25
 54.000  6.38871  0.5806E+04  0.3711E+00  0.3560E+04  0.9795E-01  0.1438E+01  0.1616E+02  0.1464E+04  0.6698E+05  0.1751E+06  0.5561E+07  0.6090E+09  0.5460E+08  0.4574E+09  0.1134E+12  0.1334E+12  0.3048E+18  0.9191E+01  0.4108E+02  0.6629E+04  0.5085E+00  0.3179E+01  0.5614E+01  0.2539E+04  0.2975E+01  0.2919E+00  0.2371E+01  0.1078E+00  0.6795E+15  0.2091E-01  0.2450E+14  0.1337E+25  0.1337E+25
 55.000  6.24917  0.3092E+04  0.2962E+00  0.1896E+04  0.8160E-01  0.1139E+01  0.1263E+02  0.8312E+03  0.3516E+05  0.9178E+05  0.2945E+07  0.3223E+09  0.2892E+08  0.2422E+09  0.6189E+11  0.7285E+11  0.1664E+18  0.7401E+01  0.3114E+02  0.3511E+04  0.3658E+00  0.2218E+01  0.4033E+01  0.1346E+04  0.2289E+01  0.2469E+00  0.1815E+01  0.8990E-01  0.3599E+15  0.1832E-01  0.1298E+14  0.1198E+25  0.1198E+25
 56.000  6.08693  0.1559E+04  0.2283E+00  0.9557E+03  0.6400E-01  0.8924E+00  0.9553E+01  0.4764E+03  0.1746E+05  0.4553E+05  0.1491E+07  0.1615E+09  0.1450E+08  0.1214E+09  0.3210E+11  0.3779E+11  0.8632E+17  0.5753E+01  0.2286E+02  0.1763E+04  0.2578E+00  0.1484E+01  0.2776E+01  0.6762E+03  0.1567E+01  0.1976E+00  0.1362E+01  0.7101E-01  0.1807E+15  0.1566E-01  0.6516E+13  0.1060E+25  0.1060E+25
 56.500  6.01511  0.1151E+04  0.2035E+00  0.7058E+03  0.5748E-01  0.7962E+00  0.8392E+01  0.3702E+03  0.1273E+05  0.3318E+05  0.1097E+07  0.1183E+09  0.1062E+08  0.8891E+08  0.2387E+11  0.2809E+11  0.6418E+17  0.5115E+01  0.1982E+02  0.1292E+04  0.2195E+00  0.1235E+01  0.2339E+01  0.4956E+03  0.1323E+01  0.1786E+00  0.1199E+01  0.6401E-01  0.1324E+15  0.1453E-01  0.4775E+13  0.9982E+24  0.9982E+24
 57.000  5.93770  0.8231E+03  0.1783E+00  0.5047E+03  0.5076E-01  0.7047E+00  0.7305E+01  0.2823E+03  0.9069E+04  0.2362E+05  0.7887E+06  0.8461E+08  0.7596E+07  0.6360E+08  0.1735E+11  0.2042E+11  0.4666E+17  0.4511E+01  0.1701E+02  0.9253E+03  0.1847E+00  0.1014E+01  0.1947E+01  0.3549E+03  0.1090E+01  0.1601E+00  0.1035E+01  0.5680E-01  0.9482E+14  0.1341E-01  0.3419E+13  0.9364E+24  0.9364E+24
 57.100  5.92148  0.7700E+03  0.1733E+00  0.4722E+03  0.4932E-01  0.6887E+00  0.7087E+01  0.2689E+03  0.8494E+04  0.2212E+05  0.7408E+06  0.7922E+08  0.7112E+07  0.5956E+08  0.1630E+11  0.1919E+11  0.4383E+17  0.4394E+01  0.1650E+02  0.8666E+03  0.1784E+00  0.9761E+00  0.1878E+01  0.3323E+03  0.1038E+01  0.1562E+00  0.1012E+01  0.5527E-01  0.8880E+14  0.1318E-01  0.3202E+13  0.9241E+24  0.9241E+24
 57.500  5.85380  0.5807E+03  0.1536E+00  0.3561E+03  0.4359E-01  0.6260E+00  0.6248E+01  0.2196E+03  0.6465E+04  0.1684E+05  0.5706E+06  0.6023E+08  0.5405E+07  0.4528E+08  0.1256E+11  0.1478E+11  0.3377E+17  0.3937E+01  0.1455E+02  0.6593E+03  0.1541E+00  0.8324E+00  0.1619E+01  0.2526E+03  0.8388E+00  0.1408E+00  0.9142E+00  0.4916E-01  0.6758E+14  0.1229E-01  0.2436E+13  0.8748E+24  0.8748E+24
 58.000  5.76221  0.3901E+03  0.1283E+00  0.2392E+03  0.3629E-01  0.5508E+00  0.5276E+01  0.1671E+03  0.4474E+04  0.1166E+05  0.4012E+06  0.4161E+08  0.3733E+07  0.3129E+08  0.8836E+10  0.1040E+11  0.2376E+17  0.3398E+01  0.1228E+02  0.4559E+03  0.1267E+00  0.6719E+00  0.1326E+01  0.1745E+03  0.6121E+00  0.1227E+00  0.7784E+00  0.4136E-01  0.4675E+14  0.1120E-01  0.1685E+13  0.8132E+24  0.8132E+24
 58.500  5.68798  0.2832E+03  0.1111E+00  0.1737E+03  0.3135E-01  0.4928E+00  0.4565E+01  0.1329E+03  0.3294E+04  0.8591E+04  0.2993E+06  0.3060E+08  0.2745E+07  0.2301E+08  0.6595E+10  0.7762E+10  0.1773E+17  0.2993E+01  0.1062E+02  0.3356E+03  0.1072E+00  0.5605E+00  0.1119E+01  0.1283E+03  0.4748E+00  0.1096E+00  0.6838E+00  0.3602E-01  0.3442E+14  0.1030E-01  0.1241E+13  0.7607E+24  0.7607E+24
 59.000  5.60782  0.1969E+03  0.9354E-01  0.1208E+03  0.2631E-01  0.4372E+00  0.3907E+01  0.1039E+03  0.2369E+04  0.6180E+04  0.2183E+06  0.2198E+08  0.1970E+07  0.1653E+08  0.4811E+10  0.5662E+10  0.1294E+17  0.2611E+01  0.9087E+01  0.2412E+03  0.8962E-01  0.4611E+00  0.9319E+00  0.9214E+02  0.3497E+00  0.9711E-01  0.5785E+00  0.3055E-01  0.2474E+14  0.9419E-02  0.8920E+12  0.7082E+24  0.7082E+24
 59.500  5.52064  0.1297E+03  0.7524E-01  0.7952E+02  0.2099E-01  0.3876E+00  0.3270E+01  0.8249E+02  0.1723E+04  0.4511E+04  0.1607E+06  0.1565E+08  0.1401E+07  0.1177E+08  0.3479E+10  0.4095E+10  0.9356E+16  0.2255E+01  0.7751E+01  0.1718E+03  0.7281E-01  0.3785E+00  0.7813E+00  0.6538E+02  0.2266E+00  0.8503E-01  0.4784E+00  0.2472E-01  0.1764E+14  0.8556E-02  0.6361E+12  0.6557E+24  0.6557E+24
 60.000  5.42512  0.7810E+02  0.5642E-01  0.4789E+02  0.1560E-01  0.3399E+00  0.2693E+01  0.6413E+02  0.1216E+04  0.3198E+04  0.1150E+06  0.1080E+08  0.9648E+06  0.8121E+07  0.2442E+10  0.2874E+10  0.6566E+16  0.1922E+01  0.6517E+01  0.1186E+03  0.5805E-01  0.3052E+00  0.6447E+00  0.4494E+02  0.1252E+00  0.7384E-01  0.3517E+00  0.1879E-01  0.1219E+14  0.7708E-02  0.4396E+12  0.6032E+24  0.6032E+24
 60.500  5.34729  0.6051E+02  0.5226E-01  0.3710E+02  0.1434E-01  0.3051E+00  0.2296E+01  0.5217E+02  0.9146E+03  0.2413E+04  0.8739E+05  0.7974E+07  0.7110E+06  0.5994E+07  0.1827E+10  0.2151E+10  0.4914E+16  0.1684E+01  0.5651E+01  0.8755E+02  0.4820E-01  0.2557E+00  0.5505E+00  0.3307E+02  0.1010E+00  0.6693E-01  0.3443E+00  0.1731E-01  0.9011E+13  0.7070E-02  0.3249E+12  0.5628E+24  0.5628E+24
 61.000  5.26283  0.4579E+02  0.4801E-01  0.2807E+02  0.1307E-01  0.2714E+00  0.1933E+01  0.4172E+02  0.6717E+03  0.1778E+04  0.6494E+05  0.5740E+07  0.5109E+06  0.4314E+07  0.1335E+10  0.1571E+10  0.3590E+16  0.1461E+01  0.4844E+01  0.6303E+02  0.3941E-01  0.2112E+00  0.4641E+00  0.2371E+02  0.7967E-01  0.6023E-01  0.3357E+00  0.1581E-01  0.6494E+13  0.6441E-02  0.2342E+12  0.5223E+24  0.5223E+24
 61.500  5.17063  0.3330E+02  0.4342E-01  0.2042E+02  0.1173E-01  0.2386E+00  0.1598E+01  0.3392E+02  0.5084E+03  0.1360E+04  0.4837E+05  0.4080E+07  0.3615E+06  0.3064E+07  0.9616E+09  0.1132E+10  0.2586E+16  0.1255E+01  0.4132E+01  0.4474E+02  0.3054E-01  0.1720E+00  0.3937E+00  0.1670E+02  0.5965E-01  0.5375E-01  0.3023E+00  0.1418E-01  0.4621E+13  0.5825E-02  0.1666E+12  0.4818E+24  0.4818E+24
 62.000  5.06907  0.2338E+02  0.3876E-01  0.1433E+02  0.1038E-01  0.2073E+00  0.1298E+01  0.2703E+02  0.3745E+03  0.1013E+04  0.3501E+05  0.2806E+07  0.2473E+06  0.2104E+07  0.6708E+09  0.7896E+09  0.1804E+16  0.1062E+01  0.3472E+01  0.3071E+02  0.2309E-01  0.1373E+00  0.3290E+00  0.1136E+02  0.4301E-01  0.4752E-01  0.2675E+00  0.1255E-01  0.3181E+13  0.5221E-02  0.1147E+12  0.4414E+24  0.4414E+24
 62.500  4.98891  0.1771E+02  0.3548E-01  0.1085E+02  0.9432E-02  0.1846E+00  0.1096E+01  0.2249E+02  0.2928E+03  0.7995E+03  0.2699E+05  0.2078E+07  0.1824E+06  0.1557E+07  0.5024E+09  0.5914E+09  0.1351E+16  0.9270E+00  0.3012E+01  0.2271E+02  0.1843E-01  0.1144E+00  0.2841E+00  0.8338E+01  0.3340E-01  0.4295E-01  0.2438E+00  0.1140E-01  0.2357E+13  0.4766E-02  0.8499E+11  0.4099E+24  0.4099E+24
 63.000  4.90169  0.1306E+02  0.3217E-01  0.8004E+01  0.8487E-02  0.1629E+00  0.9124E+00  0.1843E+02  0.2242E+03  0.6183E+03  0.2035E+05  0.1499E+07  0.1310E+06  0.1122E+07  0.3671E+09  0.4322E+09  0.9872E+15  0.8000E+00  0.2583E+01  0.1637E+02  0.1443E-01  0.9383E-01  0.2423E+00  0.5963E+01  0.2522E-01  0.3853E-01  0.2192E+00  0.1026E-01  0.1703E+13  0.4319E-02  0.6140E+11  0.3785E+24  0.3785E+24
 63.500  4.80622  0.9307E+01  0.2868E-01  0.5703E+01  0.7540E-02  0.1404E+00  0.7562E+00  0.1502E+02  0.1791E+03  0.5034E+03  0.1500E+05  0.1063E+07  0.9218E+05  0.7937E+06  0.2627E+09  0.3093E+09  0.7064E+15  0.6838E+00  0.2193E+01  0.1158E+02  0.1061E-01  0.7487E-01  0.2071E+00  0.4178E+01  0.1918E-01  0.3432E-01  0.1724E+00  0.9081E-02  0.1208E+13  0.3889E-02  0.4356E+11  0.3470E+24  0.3470E+24
 64.000  4.70065  0.6378E+01  0.2518E-01  0.3907E+01  0.6593E-02  0.1194E+00  0.6152E+00  0.1200E+02  0.1399E+03  0.4015E+03  0.1072E+05  0.7277E+06  0.6255E+05  0.5417E+06  0.1817E+09  0.2139E+09  0.4885E+15  0.5756E+00  0.1833E+01  0.7909E+01  0.7557E-02  0.5841E-01  0.1743E+00  0.2823E+01  0.1397E-01  0.3025E-01  0.1312E+00  0.7913E-02  0.8279E+12  0.3467E-02  0.2985E+11  0.3156E+24  0.3156E+24
 64.500  4.62024  0.4798E+01  0.2288E-01  0.2939E+01  0.5972E-02  0.1052E+00  0.5244E+00  0.1009E+02  0.1156E+03  0.3371E+03  0.8277E+04  0.5439E+06  0.4644E+05  0.4040E+06  0.1369E+09  0.1611E+09  0.3680E+15  0.5036E+00  0.1595E+01  0.5901E+01  0.5823E-02  0.4823E-01  0.1525E+00  0.2089E+01  0.1107E-01  0.2742E-01  0.1076E+00  0.7145E-02  0.6192E+12  0.3169E-02  0.2232E+11  0.2929E+24  0.2929E+24
 65.000  4.53276  0.3511E+01  0.2056E-01  0.2150E+01  0.5349E-02  0.9174E-01  0.4409E+00  0.8354E+01  0.9398E+02  0.2788E+03  0.6249E+04  0.3963E+06  0.3360E+05  0.2936E+06  0.1006E+09  0.1184E+09  0.2704E+15  0.4355E+00  0.1371E+01  0.4291E+01  0.4386E-02  0.3916E-01  0.1319E+00  0.1506E+01  0.8501E-02  0.2465E-01  0.8633E-01  0.6379E-02  0.4515E+12  0.2875E-02  0.1628E+11  0.2701E+24  0.2701E+24
 65.500  4.43691  0.2568E+01  0.1821E-01  0.1572E+01  0.4751E-02  0.7801E-01  0.3738E+00  0.6799E+01  0.7806E+02  0.2388E+03  0.4609E+04  0.2829E+06  0.2382E+05  0.2087E+06  0.7209E+08  0.8489E+08  0.1938E+15  0.3733E+00  0.1165E+01  0.3073E+01  0.3150E-02  0.3065E-01  0.1141E+00  0.1085E+01  0.7117E-02  0.2217E-01  0.6743E-01  0.5657E-02  0.3228E+12  0.2611E-02  0.1164E+11  0.2474E+24  0.2474E+24
 66.000  4.33090  0.1807E+01  0.1585E-01  0.1106E+01  0.4145E-02  0.6523E-01  0.3116E+00  0.5416E+01  0.6359E+02  0.2013E+03  0.3294E+04  0.1949E+06  0.1629E+05  0.1431E+06  0.4990E+08  0.5877E+08  0.1342E+15  0.3149E+00  0.9735E+00  0.2125E+01  0.2186E-02  0.2339E-01  0.9732E-01  0.7551E+00  0.5698E-02  0.1972E-01  0.5088E-01  0.4932E-02  0.2228E+12  0.2348E-02  0.8034E+10  0.2246E+24  0.2246E+24
 66.500  4.24795  0.1374E+01  0.1422E-01  0.8412E+00  0.3729E-02  0.5627E-01  0.2681E+00  0.4498E+01  0.5374E+02  0.1747E+03  0.2512E+04  0.1445E+06  0.1200E+05  0.1057E+06  0.3713E+08  0.4372E+08  0.9982E+14  0.2735E+00  0.8392E+00  0.1580E+01  0.1629E-02  0.1878E-01  0.8523E-01  0.5642E+00  0.4833E-02  0.1785E-01  0.4134E-01  0.4430E-02  0.1654E+12  0.2144E-02  0.5964E+10  0.2066E+24  0.2066E+24
 67.000  4.15748  0.1015E+01  0.1259E-01  0.6211E+00  0.3308E-02  0.4789E-01  0.2275E+00  0.3673E+01  0.4473E+02  0.1497E+03  0.1869E+04  0.1042E+06  0.8602E+04  0.7594E+05  0.2689E+08  0.3167E+08  0.7229E+14  0.2345E+00  0.7137E+00  0.1143E+01  0.1182E-02  0.1477E-01  0.7374E-01  0.4106E+00  0.3953E-02  0.1602E-01  0.3282E-01  0.3925E-02  0.1195E+12  0.1941E-02  0.4310E+10  0.1886E+24  0.1886E+24
 67.500  4.05802  0.7872E+00  0.1093E-01  0.4819E+00  0.2894E-02  0.3971E-01  0.1959E+00  0.2935E+01  0.3646E+02  0.1299E+03  0.1382E+04  0.7317E+05  0.6087E+04  0.5311E+05  0.1886E+08  0.2221E+08  0.5069E+14  0.1976E+00  0.5996E+00  0.8192E+00  0.8281E-03  0.1102E-01  0.6333E-01  0.3120E+00  0.3563E-02  0.1441E-01  0.2918E-01  0.3452E-02  0.8416E+11  0.1761E-02  0.3034E+10  0.1705E+24  0.1705E+24
 68.000  3.94754  0.5884E+00  0.9267E-02  0.3604E+00  0.2473E-02  0.3227E-01  0.1659E+00  0.2289E+01  0.2906E+02  0.1110E+03  0.9886E+03  0.4941E+05  0.4147E+04  0.3572E+05  0.1272E+08  0.1498E+08  0.3419E+14  0.1634E+00  0.4944E+00  0.5662E+00  0.5578E-03  0.7967E-02  0.5351E-01  0.2301E+00  0.2940E-02  0.1280E-01  0.2454E-01  0.2971E-02  0.5702E+11  0.1581E-02  0.2056E+10  0.1525E+24  0.1525E+24
 68.500  3.86403  0.4788E+00  0.8294E-02  0.2934E+00  0.2227E-02  0.2769E-01  0.1469E+00  0.1904E+01  0.2457E+02  0.9889E+02  0.7703E+03  0.3686E+05  0.3115E+04  0.2656E+05  0.9480E+07  0.1117E+08  0.2548E+14  0.1421E+00  0.4289E+00  0.4298E+00  0.4154E-03  0.6257E-02  0.4729E-01  0.1835E+00  0.2574E-02  0.1176E-01  0.2175E-01  0.2686E-02  0.4265E+11  0.1463E-02  0.1538E+10  0.1407E+24  0.1407E+24
 69.000  3.77290  0.3807E+00  0.7314E-02  0.2333E+00  0.1977E-02  0.2346E-01  0.1288E+00  0.1560E+01  0.2049E+02  0.8730E+02  0.5874E+03  0.2680E+05  0.2282E+04  0.1925E+05  0.6887E+07  0.8111E+07  0.1851E+14  0.1222E+00  0.3678E+00  0.3186E+00  0.3014E-03  0.4811E-02  0.4136E-01  0.1435E+00  0.2044E-02  0.1072E-01  0.1831E-01  0.2397E-02  0.3110E+11  0.1345E-02  0.1121E+10  0.1290E+24  0.1290E+24
 69.500  3.67265  0.3301E+00  0.6309E-02  0.2028E+00  0.1716E-02  0.1947E-01  0.1135E+00  0.1285E+01  0.1667E+02  0.7552E+02  0.4549E+03  0.1896E+05  0.1700E+04  0.1369E+05  0.4842E+07  0.5702E+07  0.1301E+14  0.1026E+00  0.3133E+00  0.2374E+00  0.2131E-03  0.3497E-02  0.3549E-01  0.1208E+00  0.1330E-02  0.9740E-02  0.1523E-01  0.2104E-02  0.2209E+11  0.1233E-02  0.7965E+09  0.1173E+24  0.1173E+24
 70.000  3.56120  0.2790E+00  0.5298E-02  0.1717E+00  0.1452E-02  0.1584E-01  0.9876E-01  0.1037E+01  0.1325E+02  0.6432E+02  0.3425E+03  0.1292E+05  0.1226E+04  0.9383E+04  0.3275E+07  0.3856E+07  0.8801E+13  0.8451E-01  0.2623E+00  0.1713E+00  0.1450E-03  0.2454E-02  0.2994E-01  0.9987E-01  0.1241E-03  0.8748E-02  0.8381E-02  0.1805E-02  0.1512E+11  0.1121E-02  0.5450E+09  0.1056E+24  0.1056E+24
 71.000  3.38453  0.2396E+00  0.4506E-02  0.1480E+00  0.1249E-02  0.1140E-01  0.7904E-01  0.7366E+00  0.9203E+01  0.4978E+02  0.2181E+03  0.7018E+04  0.7296E+03  0.5145E+04  0.1760E+07  0.2071E+07  0.4727E+13  0.6206E-01  0.1977E+00  0.1020E+00  0.7860E-04  0.1398E-02  0.2284E-01  0.7373E-01  0.1200E-03  0.7401E-02  0.7380E-02  0.1559E-02  0.8269E+10  0.9610E-03  0.2981E+09  0.8925E+23  0.8925E+23
 72.000  3.16986  0.2324E+00  0.3687E-02  0.1449E+00  0.1029E-02  0.7633E-02  0.6121E-01  0.5199E+00  0.5861E+01  0.3503E+02  0.1369E+03  0.3407E+04  0.4662E+03  0.2665E+04  0.8283E+06  0.9732E+06  0.2225E+13  0.4169E-01  0.1423E+00  0.5646E-01  0.3809E-04  0.6848E-03  0.1589E-01  0.5843E-01  0.1042E-03  0.6071E-02  0.6223E-02  0.1298E-02  0.4027E+10  0.8005E-03  0.1452E+09  0.7290E+23  0.7290E+23
 73.000  2.98840  0.2262E+00  0.3109E-02  0.1422E+00  0.8721E-03  0.5435E-02  0.4928E-01  0.3870E+00  0.3999E+01  0.2601E+02  0.9232E+02  0.1848E+04  0.3191E+03  0.1527E+04  0.4377E+06  0.5136E+06  0.1176E+13  0.2976E-01  0.1077E+00  0.3422E-01  0.2063E-04  0.3744E-03  0.1168E-01  0.4796E-01  0.9486E-04  0.5130E-02  0.5414E-02  0.1111E-02  0.2191E+10  0.6855E-03  0.7898E+08  0.6139E+23  0.6139E+23
 74.000  2.76648  0.2311E+00  0.2525E-02  0.1469E+00  0.7070E-03  0.3593E-02  0.3799E-01  0.2776E+00  0.2516E+01  0.1732E+02  0.6074E+02  0.9137E+03  0.2493E+03  0.8885E+03  0.2023E+06  0.2366E+06  0.5442E+12  0.1929E-01  0.7680E-01  0.1792E-01  0.9953E-05  0.1795E-03  0.7669E-02  0.3963E-01  0.7087E-04  0.4199E-02  0.4373E-02  0.9206E-03  0.1058E+10  0.5702E-03  0.3815E+08  0.4989E+23  0.4989E+23
 75.000  2.58041  0.2354E+00  0.2122E-02  0.1511E+00  0.5930E-03  0.2540E-02  0.3055E-01  0.2102E+00  0.1706E+01  0.1232E+02  0.4277E+02  0.5063E+03  0.2027E+03  0.5642E+03  0.1059E+06  0.1235E+06  0.2852E+12  0.1341E-01  0.5782E-01  0.1042E-01  0.5403E-05  0.9693E-04  0.5389E-02  0.3377E-01  0.5602E-04  0.3550E-02  0.3666E-02  0.7868E-03  0.5749E+09  0.4887E-03  0.2073E+08  0.4193E+23  0.4193E+23
 75.500  2.47249  0.2374E+00  0.1920E-02  0.1530E+00  0.5335E-03  0.2078E-02  0.2692E-01  0.1770E+00  0.1378E+01  0.9975E+01  0.3530E+02  0.3740E+03  0.1899E+03  0.4691E+03  0.7328E+05  0.8530E+05  0.1976E+12  0.1078E-01  0.4878E-01  0.7471E-02  0.3826E-05  0.6842E-04  0.4294E-02  0.3084E-01  0.4631E-04  0.3234E-02  0.3318E-02  0.7218E-03  0.4070E+09  0.4484E-03  0.1468E+08  0.3795E+23  0.3795E+23
 76.000  2.35151  0.2399E+00  0.1717E-02  0.1553E+00  0.4744E-03  0.1662E-02  0.2338E-01  0.1461E+00  0.1086E+01  0.7882E+01  0.2850E+02  0.2666E+03  0.1767E+03  0.3817E+03  0.4855E+05  0.5640E+05  0.1312E+12  0.8453E-02  0.4035E-01  0.5151E-02  0.2601E-05  0.4635E-04  0.3333E-02  0.2788E-01  0.3679E-04  0.2915E-02  0.2968E-02  0.6560E-03  0.2767E+09  0.4076E-03  0.9975E+07  0.3397E+23  0.3397E+23
 77.000  2.16403  0.2423E+00  0.1436E-02  0.1579E+00  0.3929E-03  0.1167E-02  0.1868E-01  0.1078E+00  0.7453E+00  0.5435E+01  0.2031E+02  0.1568E+03  0.1570E+03  0.2755E+03  0.2548E+05  0.2950E+05  0.6903E+11  0.5758E-02  0.2987E-01  0.2875E-02  0.1421E-05  0.2517E-04  0.2235E-02  0.2368E-01  0.2592E-04  0.2466E-02  0.2487E-02  0.5623E-03  0.1511E+09  0.3492E-03  0.5448E+07  0.2842E+23  0.2842E+23
 78.000  1.93312  0.2407E+00  0.1154E-02  0.1562E+00  0.3087E-03  0.7576E-03  0.1409E-01  0.7057E-01  0.4825E+00  0.3410E+01  0.1345E+02  0.9129E+02  0.1378E+03  0.2020E+03  0.1179E+05  0.1367E+05  0.3211E+11  0.3574E-02  0.2031E-01  0.1393E-02  0.6891E-06  0.1217E-04  0.1315E-02  0.1922E-01  0.1504E-04  0.2027E-02  0.2014E-02  0.4718E-03  0.7323E+08  0.2903E-03  0.2640E+07  0.2287E+23  0.2287E+23
 79.000  1.73885  0.2404E+00  0.9634E-03  0.1554E+00  0.2529E-03  0.5288E-03  0.1116E-01  0.4959E-01  0.3359E+00  0.2312E+01  0.9538E+01  0.5814E+02  0.1240E+03  0.1562E+03  0.6183E+04  0.7183E+04  0.1692E+11  0.2401E-02  0.1473E-01  0.7599E-03  0.3762E-06  0.6625E-05  0.8443E-03  0.1619E-01  0.9382E-05  0.1725E-02  0.1699E-02  0.4089E-03  0.3996E+08  0.2494E-03  0.1441E+07  0.1912E+23  0.1912E+23
 80.000  1.49754  0.2326E+00  0.7691E-03  0.1473E+00  0.1946E-03  0.3419E-03  0.8259E-02  0.3096E-01  0.2177E+00  0.1465E+01  0.6235E+01  0.3637E+02  0.1013E+03  0.1300E+03  0.2877E+04  0.3424E+04  0.7904E+10  0.1479E-02  0.9850E-02  0.3662E-03  0.1825E-06  0.3211E-05  0.4795E-03  0.1306E-01  0.4061E-05  0.1422E-02  0.1381E-02  0.3446E-03  0.1938E+08  0.2069E-03  0.6986E+06  0.1538E+23  0.1538E+23
 82.000  1.04398  0.2110E+00  0.4977E-03  0.1254E+00  0.1161E-03  0.1521E-03  0.4583E-02  0.1223E-01  0.9267E-01  0.6253E+00  0.2741E+01  0.1547E+02  0.6131E+02  0.9077E+02  0.7216E+03  0.9415E+03  0.1958E+10  0.6022E-03  0.4651E-02  0.9612E-04  0.4834E-07  0.8504E-06  0.1671E-03  0.8743E-02  0.2276E-05  0.9845E-03  0.9616E-03  0.2482E-03  0.5132E+07  0.1446E-03  0.1850E+06  0.1023E+23  0.1023E+23
 84.000  0.56546  0.1797E+00  0.3056E-03  0.9580E-01  0.6479E-04  0.6528E-04  0.2383E-02  0.4374E-02  0.3532E-01  0.2585E+00  0.1134E+01  0.6418E+01  0.2969E+02  0.5558E+02  0.1936E+03  0.3029E+03  0.4833E+09  0.2383E-03  0.2171E-02  0.2518E-04  0.1272E-07  0.2239E-06  0.5750E-04  0.5799E-02  0.1340E-05  0.6614E-03  0.6494E-03  0.1726E-03  0.1350E+07  0.9789E-04  0.4868E+05  0.6687E+22  0.6687E+22
 86.000  0.06785  0.1433E+00  0.1726E-03  0.6678E-01  0.3367E-04  0.2547E-04  0.1189E-02  0.1481E-02  0.1228E-01  0.1018E+00  0.4553E+00  0.2511E+01  0.1214E+02  0.2721E+02  0.5950E+02  0.1124E+03  0.1196E+09  0.9051E-04  0.1039E-02  0.6611E-05  0.3342E-08  0.5885E-07  0.1982E-04  0.3750E-02  0.8064E-06  0.4321E-03  0.4254E-03  0.1153E-03  0.3548E+06  0.6365E-04  0.1279E+05  0.4240E+22  0.4240E+22
 88.000 -0.45084  0.1072E+00  0.8846E-04  0.4476E-01  0.1645E-04  0.8287E-05  0.5996E-03  0.4902E-03  0.4059E-02  0.3787E-01  0.1790E+00  0.9456E+00  0.4492E+01  0.1104E+02  0.2037E+02  0.4254E+02  0.2955E+08  0.3236E-04  0.5374E-03  0.1728E-05  0.8732E-09  0.1538E-07  0.6519E-05  0.2323E-02  0.4837E-06  0.2839E-03  0.2789E-03  0.7600E-04  0.9270E+05  0.4006E-04  0.3342E+04  0.2608E+22  0.2608E+22
 90.000 -0.98334  0.7367E-01  0.4178E-04  0.2975E-01  0.7668E-05  0.2296E-05  0.3161E-03  0.1616E-03  0.1324E-02  0.1348E-01  0.6809E-01  0.3576E+00  0.1591E+01  0.3986E+01  0.7058E+01  0.1493E+02  0.7338E+07  0.1063E-04  0.3059E-03  0.4532E-06  0.2289E-09  0.4031E-08  0.1935E-05  0.1367E-02  0.2866E-06  0.1905E-03  0.1856E-03  0.4980E-04  0.2430E+05  0.2459E-04  0.8762E+03  0.1565E+22  0.1565E+22
 92.000 -1.52768  0.4656E-01  0.1909E-04  0.1983E-01  0.3515E-05  0.5965E-06  0.1755E-03  0.5332E-04  0.4355E-03  0.4687E-02  0.2497E-01  0.1361E+00  0.5615E+00  0.1351E+01  0.2337E+01  0.4804E+01  0.1828E+07  0.3093E-05  0.1842E-03  0.1190E-06  0.6010E-10  0.1059E-08  0.5236E-06  0.7816E-03  0.1678E-06  0.1300E-03  0.1249E-03  0.3239E-04  0.6381E+04  0.1481E-04  0.2301E+03  0.9228E+21  0.9228E+21
 94.000 -2.07925  0.2848E-01  0.9102E-05  0.1351E-01  0.1673E-05  0.1548E-06  0.1054E-03  0.1794E-04  0.1490E-03  0.1650E-02  0.9130E-02  0.5233E-01  0.2037E+00  0.4564E+00  0.7629E+00  0.1494E+01  0.4589E+06  0.8153E-06  0.1111E-03  0.3134E-07  0.1583E-10  0.2787E-09  0.1371E-06  0.4630E-03  0.9750E-07  0.9045E-04  0.8561E-04  0.2113E-04  0.1680E+04  0.8812E-05  0.6058E+02  0.5377E+21  0.5377E+21
 96.000 -2.63233  0.1810E-01  0.4827E-05  0.9657E-02  0.8686E-06  0.4043E-07  0.7243E-04  0.6284E-05  0.5519E-04  0.6135E-03  0.3491E-02  0.2123E-01  0.7915E-01  0.1646E+00  0.2647E+00  0.4882E+00  0.1163E+06  0.2066E-06  0.6493E-04  0.8226E-08  0.4154E-11  0.7316E-10  0.3573E-07  0.3046E-03  0.5612E-07  0.6444E-04  0.6045E-04  0.1398E-04  0.4411E+03  0.5180E-05  0.1590E+02  0.3090E+21  0.3090E+21
 98.000 -3.18191  0.1276E-01  0.2913E-05  0.7425E-02  0.5024E-06  0.1057E-07  0.5946E-04  0.2256E-05  0.2250E-04  0.2473E-03  0.1462E-02  0.9722E-02  0.3560E-01  0.7030E-01  0.1061E+00  0.1831E+00  0.3016E+05  0.5309E-07  0.3669E-04  0.2147E-08  0.1084E-11  0.1910E-10  0.9305E-08  0.2236E-03  0.3223E-07  0.4658E-04  0.4365E-04  0.9377E-05  0.1151E+03  0.3025E-05  0.4151E+01  0.1766E+21  0.1766E+21
100.000 -3.72126  0.9690E-02  0.1855E-05  0.5746E-02  0.3004E-06  0.2682E-08  0.5124E-04  0.7643E-06  0.9784E-05  0.1059E-03  0.6482E-03  0.4937E-02  0.1861E-01  0.3578E-01  0.5008E-01  0.8112E-01  0.7951E+04  0.1392E-07  0.1915E-04  0.5436E-09  0.2745E-12  0.4835E-11  0.2356E-08  0.1507E-03  0.1813E-07  0.3166E-04  0.2972E-04  0.5973E-05  0.2915E+02  0.1722E-05  0.1051E+01  0.9901E+20  0.9901E+20
102.000 -4.24525  0.0000E+00  0.0000E+00  0.0000E+00  0.0000E+00  0.0000E+00  0.0000E+00  0.0000E+00  0.0000E+00  0.0000E+00  0.0000E+00  0.0000E+00  0.0000E+00  0.0000E+00  0.0000E+00  0.0000E+00  0.0000E+00  0.0000E+00  0.0000E+00  0.0000E+00  0.0000E+00  0.0000E+00  0.0000E+00  0.0000E+00  0.0000E+00  0.0000E+00  0.0000E+00  0.0000E+00  0.0000E+00  0.0000E+00  0.0000E+00  0.0000E+00  0.0000E+00
104.000 -4.76988  0.0000E+00  0.0000E+00  0.0000E+00  0.0000E+00  0.0000E+00  0.0000E+00  0.0000E+00  0.0000E+00  0.0000E+00  0.0000E+00  0.0000E+00  0.0000E+00  0.0000E+00  0.0000E+00  0.0000E+00  0.0000E+00  0.0000E+00  0.0000E+00  0.0000E+00  0.0000E+00  0.0000E+00  0.0000E+00  0.0000E+00  0.0000E+00  0.0000E+00  0.0000E+00  0.0000E+00  0.0000E+00  0.0000E+00  0.0000E+00  0.0000E+00  0.0000E+00
106.000 -5.34211  0.0000E+00  0.0000E+00  0.0000E+00  0.0000E+00  0.0000E+00  0.0000E+00  0.0000E+00  0.0000E+00  0.0000E+00  0.0000E+00  0.0000E+00  0.0000E+00  0.0000E+00  0.0000E+00  0.0000E+00  0.0000E+00  0.0000E+00  0.0000E+00  0.0000E+00  0.0000E+00  0.0000E+00  0.0000E+00  0.0000E+00  0.0000E+00  0.0000E+00  0.0000E+00  0.0000E+00  0.0000E+00  0.0000E+00  0.0000E+00  0.0000E+00  0.0000E+00
108.000 -5.91436  0.0000E+00  0.0000E+00  0.0000E+00  0.0000E+00  0.0000E+00  0.0000E+00  0.0000E+00  0.0000E+00  0.0000E+00  0.0000E+00  0.0000E+00  0.0000E+00  0.0000E+00  0.0000E+00  0.0000E+00  0.0000E+00  0.0000E+00  0.0000E+00  0.0000E+00  0.0000E+00  0.0000E+00  0.0000E+00  0.0000E+00  0.0000E+00  0.0000E+00  0.0000E+00  0.0000E+00  0.0000E+00  0.0000E+00  0.0000E+00  0.0000E+00  0.0000E+00
110.000 -6.52574  0.0000E+00  0.0000E+00  0.0000E+00  0.0000E+00  0.0000E+00  0.0000E+00  0.0000E+00  0.0000E+00  0.0000E+00  0.0000E+00  0.0000E+00  0.0000E+00  0.0000E+00  0.0000E+00  0.0000E+00  0.0000E+00  0.0000E+00  0.0000E+00  0.0000E+00  0.0000E+00  0.0000E+00  0.0000E+00  0.0000E+00  0.0000E+00  0.0000E+00  0.0000E+00  0.0000E+00  0.0000E+00  0.0000E+00  0.0000E+00  0.0000E+00  0.0000E+00
112.000 -7.13701  0.0000E+00  0.0000E+00  0.0000E+00  0.0000E+00  0.0000E+00  0.0000E+00  0.0000E+00  0.0000E+00  0.0000E+00  0.0000E+00  0.0000E+00  0.0000E+00  0.0000E+00  0.0000E+00  0.0000E+00  0.0000E+00  0.0000E+00  0.0000E+00  0.0000E+00  0.0000E+00  0.0000E+00  0.0000E+00  0.0000E+00  0.0000E+00  0.0000E+00  0.0000E+00  0.0000E+00  0.0000E+00  0.0000E+00  0.0000E+00  0.0000E+00  0.0000E+00
116.000 -8.44472  0.0000E+00  0.0000E+00  0.0000E+00  0.0000E+00  0.0000E+00  0.0000E+00  0.0000E+00  0.0000E+00  0.0000E+00  0.0000E+00  0.0000E+00  0.0000E+00  0.0000E+00  0.0000E+00  0.0000E+00  0.0000E+00  0.0000E+00  0.0000E+00  0.0000E+00  0.0000E+00  0.0000E+00  0.0000E+00  0.0000E+00  0.0000E+00  0.0000E+00  0.0000E+00  0.0000E+00  0.0000E+00  0.0000E+00  0.0000E+00  0.0000E+00  0.0000E+00
120.000 -9.86989  0.0000E+00  0.0000E+00  0.0000E+00  0.0000E+00  0.0000E+00  0.0000E+00  0.0000E+00  0.0000E+00  0.0000E+00  0.0000E+00  0.0000E+00  0.0000E+00  0.0000E+00  0.0000E+00  0.0000E+00  0.0000E+00  0.0000E+00  0.0000E+00  0.0000E+00  0.0000E+00  0.0000E+00  0.0000E+00  0.0000E+00  0.0000E+00  0.0000E+00  0.0000E+00  0.0000E+00  0.0000E+00  0.0000E+00  0.0000E+00  0.0000E+00  0.0000E+00
124.000-11.30577  0.0000E+00  0.0000E+00  0.0000E+00  0.0000E+00  0.0000E+00  0.0000E+00  0.0000E+00  0.0000E+00  0.0000E+00  0.0000E+00  0.0000E+00  0.0000E+00  0.0000E+00  0.0000E+00  0.0000E+00  0.0000E+00  0.0000E+00  0.0000E+00  0.0000E+00  0.0000E+00  0.0000E+00  0.0000E+00  0.0000E+00  0.0000E+00  0.0000E+00  0.0000E+00  0.0000E+00  0.0000E+00  0.0000E+00  0.0000E+00  0.0000E+00  0.0000E+00
128.000-12.62145  0.0000E+00  0.0000E+00  0.0000E+00  0.0000E+00  0.0000E+00  0.0000E+00  0.0000E+00  0.0000E+00  0.0000E+00  0.0000E+00  0.0000E+00  0.0000E+00  0.0000E+00  0.0000E+00  0.0000E+00  0.0000E+00  0.0000E+00  0.0000E+00  0.0000E+00  0.0000E+00  0.0000E+00  0.0000E+00  0.0000E+00  0.0000E+00  0.0000E+00  0.0000E+00  0.0000E+00  0.0000E+00  0.0000E+00  0.0000E+00  0.0000E+00  0.0000E+00
132.000-13.82440  0.0000E+00  0.0000E+00  0.0000E+00  0.0000E+00  0.0000E+00  0.0000E+00  0.0000E+00  0.0000E+00  0.0000E+00  0.0000E+00  0.0000E+00  0.0000E+00  0.0000E+00  0.0000E+00  0.0000E+00  0.0000E+00  0.0000E+00  0.0000E+00  0.0000E+00  0.0000E+00  0.0000E+00  0.0000E+00  0.0000E+00  0.0000E+00  0.0000E+00  0.0000E+00  0.0000E+00  0.0000E+00  0.0000E+00  0.0000E+00  0.0000E+00  0.0000E+00
136.000-14.92403  0.0000E+00  0.0000E+00  0.0000E+00  0.0000E+00  0.0000E+00  0.0000E+00  0.0000E+00  0.0000E+00  0.0000E+00  0.0000E+00  0.0000E+00  0.0000E+00  0.0000E+00  0.0000E+00  0.0000E+00  0.0000E+00  0.0000E+00  0.0000E+00  0.0000E+00  0.0000E+00  0.0000E+00  0.0000E+00  0.0000E+00  0.0000E+00  0.0000E+00  0.0000E+00  0.0000E+00  0.0000E+00  0.0000E+00  0.0000E+00  0.0000E+00  0.0000E+00
140.000-15.88685  0.0000E+00  0.0000E+00  0.0000E+00  0.0000E+00  0.0000E+00  0.0000E+00  0.0000E+00  0.0000E+00  0.0000E+00  0.0000E+00  0.0000E+00  0.0000E+00  0.0000E+00  0.0000E+00  0.0000E+00  0.0000E+00  0.0000E+00  0.0000E+00  0.0000E+00  0.0000E+00  0.0000E+00  0.0000E+00  0.0000E+00  0.0000E+00  0.0000E+00  0.0000E+00  0.0000E+00  0.0000E+00  0.0000E+00  0.0000E+00  0.0000E+00  0.0000E+00
144.000-16.68887  0.0000E+00  0.0000E+00  0.0000E+00  0.0000E+00  0.0000E+00  0.0000E+00  0.0000E+00  0.0000E+00  0.0000E+00  0.0000E+00  0.0000E+00  0.0000E+00  0.0000E+00  0.0000E+00  0.0000E+00  0.0000E+00  0.0000E+00  0.0000E+00  0.0000E+00  0.0000E+00  0.0000E+00  0.0000E+00  0.0000E+00  0.0000E+00  0.0000E+00  0.0000E+00  0.0000E+00  0.0000E+00  0.0000E+00  0.0000E+00  0.0000E+00  0.0000E+00
148.000-17.38024  0.0000E+00  0.0000E+00  0.0000E+00  0.0000E+00  0.0000E+00  0.0000E+00  0.0000E+00  0.0000E+00  0.0000E+00  0.0000E+00  0.0000E+00  0.0000E+00  0.0000E+00  0.0000E+00  0.0000E+00  0.0000E+00  0.0000E+00  0.0000E+00  0.0000E+00  0.0000E+00  0.0000E+00  0.0000E+00  0.0000E+00  0.0000E+00  0.0000E+00  0.0000E+00  0.0000E+00  0.0000E+00  0.0000E+00  0.0000E+00  0.0000E+00  0.0000E+00
