  14.60138  40.32284   9.39002   0.00000   0.00000   0.00000   0.00000
   8.34503  21.70134   9.94958  13.38919   0.00000   0.00000 135.77130
   8.54551  18.09967  11.67362   4.95035   0.00000   0.00000  86.35119
   9.20204  14.29490  12.22670   7.04865   0.00000   0.00000  58.36326
   9.93752  10.93268  11.33062   8.04539   0.88366   0.00000  35.87632
  10.27127   9.02323   9.69291   8.09828   3.20408   0.00000  19.12841
  10.12827   8.66678   8.11359   7.58520   4.72680   5.64448   8.93439
   9.71001   9.07538   7.25759   6.81037   5.92902   5.42301   5.14780
   9.16465   9.41793   7.08128   5.77815   6.41931   6.06225   4.72327
   8.44718   9.26360   6.95149   3.96992   5.94891   6.17687   5.23810
   7.53729   8.67330   6.50988   0.87976   5.02211   5.54885   5.52691
   6.53105   8.02326   5.92542   0.00000   4.27087   4.58173   5.19427
   5.53157   7.66190   5.51891   0.00000   3.69956   3.64737   4.21848
   4.79501   7.66995   5.42286   0.00000   2.99870   2.58075   1.86765
   5.27589   7.73661   5.46995   0.00000   2.13223   1.32087  -2.83303
   8.09664   7.53928   5.50946   0.00000   1.68624   0.63813  -7.45349
  11.65750   7.79281   6.03778   0.00000   1.95201   0.60269  -6.66655
  13.97608   8.24111   6.65010   0.00000   2.90231   1.15538  -2.87207
  14.81687   8.86410   7.06336   0.00000   3.86995   2.22720   0.65546
  14.90094  10.04993   7.53864   0.00000   4.34540   3.13041   2.58997
  14.71854  11.20100   8.53018   0.00000   4.48180   3.64705   3.37671
  13.96425  11.59017   9.42923   0.00000   4.75082   4.14409   3.88308
  10.95058   9.29868   7.82935   0.00000  4.20226   3.79646    3.63423
   9.89534   8.32405   6.99364   0.00000   3.99072     3.61912   3.48386
  10.44039   8.67083   7.31741   0.00000   4.50910    4.05743   3.84647
  10.61857   8.87516   7.52292   0.00000   4.95080    4.43414   4.15523
